100
2,11,21,24,27,32,41,42,66,91,
13,21,39,61,76,77,88,
0,26,34,42,56,65,76,85,
9,14,23,44,52,56,73,77,87,
8,22,26,33,35,37,44,45,54,55,67,74,87,96,99,
40,49,60,61,64,82,89,92,
8,9,15,30,35,39,49,51,69,70,75,99,
18,23,31,35,52,68,95,
4,6,9,17,18,39,46,58,64,68,70,79,88,
3,6,8,24,34,64,
27,52,54,62,68,77,85,
0,18,21,25,27,31,63,71,77,93,
20,49,52,97,
1,42,43,70,73,99,
3,30,33,36,39,59,65,68,73,81,85,92,99,
6,39,41,68,90,92,95,97,
21,26,29,44,49,87,
8,20,37,56,83,91,
7,8,11,19,24,26,34,40,42,58,61,64,68,81,85,
18,35,38,46,64,75,85,90,99,
12,17,28,30,33,44,46,52,59,60,65,72,76,78,
0,1,11,16,39,42,46,58,60,70,76,83,96,
4,28,46,60,72,75,98,
3,7,27,37,42,43,55,66,73,79,84,87,90,
0,9,18,39,79,81,86,87,92,99,
11,33,34,42,53,54,60,71,78,85,90,
2,4,16,18,42,44,58,67,71,73,83,85,
0,10,11,23,30,33,39,58,60,66,74,83,84,94,
20,22,33,35,44,51,52,55,66,73,83,88,94,
16,49,65,
6,14,20,27,34,40,86,
7,11,34,39,58,64,68,77,82,87,
0,37,38,58,63,65,73,74,77,90,
4,14,20,25,27,28,36,37,38,43,45,50,51,57,62,69,74,79,
2,9,18,25,30,31,57,58,73,77,79,94,
4,6,7,19,28,43,46,53,65,71,73,74,82,85,90,
14,33,54,55,60,61,63,79,
4,17,23,32,33,66,85,86,
19,32,33,44,89,90,
1,6,8,14,15,21,24,27,31,60,79,81,91,
5,18,30,53,84,87,92,
0,15,48,49,59,62,69,87,98,
0,2,13,18,21,23,25,26,44,49,63,64,76,84,92,97,99,
13,23,33,35,60,72,74,79,91,92,
3,4,16,20,26,28,38,42,66,69,95,96,
4,33,55,60,64,76,78,85,88,96,
8,19,20,21,22,35,55,57,65,66,77,91,92,99,
48,73,
41,47,83,
5,6,12,16,29,41,42,55,60,69,70,74,89,
33,60,79,80,84,
6,28,33,54,88,91,96,99,
3,7,10,12,20,28,54,63,65,68,78,94,99,
25,35,40,55,65,90,
4,10,25,36,51,52,55,58,62,76,82,84,
4,23,28,36,45,46,49,53,54,63,69,78,93,
2,3,17,57,79,88,90,
33,34,46,56,60,88,
8,18,21,26,27,31,32,34,54,78,
14,20,41,63,96,
5,20,21,22,25,27,36,39,43,45,49,50,57,63,79,83,88,89,
1,5,18,36,72,78,83,85,94,
10,33,41,54,70,78,80,92,95,
11,32,36,42,52,55,59,60,71,72,92,
5,8,9,18,19,31,42,45,66,72,
2,14,20,29,32,35,46,52,53,75,80,86,
0,23,27,28,37,44,46,64,67,70,95,
4,26,66,81,92,
7,8,10,14,15,18,31,52,76,77,80,85,
6,33,41,44,49,55,76,
6,8,13,21,49,62,66,79,80,81,96,
11,25,26,35,63,
20,22,43,61,63,64,73,99,
3,13,14,23,26,28,32,34,35,47,72,80,93,
4,27,32,33,35,43,49,77,87,
6,19,22,65,81,97,
1,2,20,21,42,45,54,68,69,95,
1,3,10,11,31,32,34,46,68,74,97,
20,25,45,52,55,58,61,62,82,83,88,
8,23,24,33,34,36,39,43,50,56,60,70,92,
50,62,65,68,70,73,81,87,
14,18,24,39,67,70,75,80,90,
5,31,35,54,78,92,96,
17,21,26,27,28,48,60,61,78,
23,27,40,42,50,54,98,
2,10,14,18,19,25,26,35,37,45,61,68,91,92,93,95,
24,30,37,65,88,
3,4,16,23,24,31,40,41,74,80,91,99,
1,8,28,45,51,56,57,60,78,86,89,
5,38,49,60,88,95,
15,19,23,25,32,35,38,53,56,81,91,
0,17,39,43,46,51,85,87,90,
5,14,15,24,40,42,43,46,62,63,67,79,82,85,98,
11,55,73,85,99,
27,28,34,52,61,96,
7,15,44,62,66,76,85,89,
4,21,44,45,51,59,70,82,94,97,
12,15,42,75,77,96,99,
22,41,84,92,
4,6,13,14,19,24,42,46,51,52,72,87,93,97,
